0.7839500164661264980
0.1960557609164249593
0.2948942155353886374
0.2470888989291699644
0.5605781619746686983
0.6236488178574575159
0.0121085167157251039
0.3140609382874376410
0.0034844668496649689
0.9778687922565335588
0.1615016150215472512
0.2993534582088711593
0.4663891031644038510
0.8277719932931745239
0.0851169352205884966
0.7613348472809501333
0.4350521160785130181
0.9108422581377366711
0.4217592729956569642
0.5958909963212084548
0.4905306123396492302
0.7343728692834562422
0.7537217014371467849
0.7586512706758176128
0.4556188820548336960
0.3374392829449218700
0.3153360088963610419
0.7158714044125267240
0.3211402495392182699
0.1447874852033043114
0.4515643794228817454
0.5358124779993257425
0.7919803151981180678
0.5453260510117597937
0.8811200948468308480
0.7404425635919837934
0.2481114473659571384
0.6568017450141190317
0.3946351055621732939
0.5151870330435446288
0.8271556885599101738
0.4555075260031176132
0.3562239298936112908
0.8756525861700739100
0.9821222688016493230
0.5987389208367237536
0.2903497810190664996
0.0359787204896684365
0.7658182677219593781
0.3362602990099985423
0.6498261500006611291
0.2592708781792443240
0.7017321232922025809
0.4549376101022212238
0.7716614172940297056
0.0991318366838793708
0.6283790307108082507
0.1727892685350405078
0.2120478440277678844
0.2358033457508259545
0.0693468863470709795
0.9022635816962721877
0.6650761187359233162
0.5764154032011712392
0.6737293502025342162
0.3045530643427009077
0.2130079235734763099
0.4363733161346745604
0.4076148665386408743
0.9054217409884994794
0.2496114430857850897
0.8242746992895790825
0.3878824113481377234
0.2184237072118309086
0.0577804389620193426
0.4171549055083645374
0.3743103076191002243
0.2429098784798137123
0.9408947855313125608
0.5474133103716715132
0.8238614332280702612
0.3180841146151505150
0.3401427792653233251
0.2949208507062610618
0.5494044643425260999
0.2005044748181535885
0.4495914857599712100
0.7029862161040821844
0.7142158431266616425
0.4165283282071627902
0.4322792217275375215
0.2315473899879254560
0.6486273367903384601
0.1676998745081423881
0.1912856410846712762
0.4683557275671633713
0.7704228546610515371
0.9977963236852829265
0.7905131546737014236
0.8208031221860699889
0.1936204260391105603
0.7899988184874842112
0.1816387882647444441
0.7001494160557755198
0.0374425979841314094
0.0774349268115090972
0.3494436199347138450
0.5305712068179190277
0.3259637479708915597
0.8357628092904157979
0.2497203217140397946
0.8160358832120995221
0.3353594980555824057
0.6679770608239427032
0.7822971431300553835
0.2641358942208118510
0.8341464349515321786
0.5623041849445092888
0.4526743199124546591
0.8985079084689772122
0.2702181048925680340
0.7838790430309773294
0.6072857883814679614
0.9929840461738148605
0.7350362647155667117
0.4920421596615098814
0.4316584556583720200
0.1853918539572206869
0.0167316335420776285
0.2625868649523784848
0.3755494719325239705
0.3749350747154002184
0.1952076512369879113
0.7812371123365228209
0.4286505680491039527
0.7745543571923825255
0.6312441907720494072
0.6280474314844927131
0.7987286380295098853
0.7099698326311377761
0.0541042895709027416
0.6222049967162817108
0.5470231444347822825
0.9657752858361946524
0.0402674013768514749
0.8618490407133235776
0.9052060080201714820
0.8989705071627004385
0.0816371229153214362
0.9315512836637984684
0.5893840443468757462
0.0221098776846616607
0.4508994734614647504
0.1834783383136048274
0.4679571681309743214
0.1137922295398303696
0.5330040487635799851
0.6832778886249868400
0.8410465298979490356
0.5892005512463664996
0.5284484251354438777
0.3870516047438923302
0.3822867502773803494
0.2578341440160732967
0.8730893750814668897
0.6916602490834425909
0.7420568678827025311
0.1672099725523595870
0.7312665648312466349
0.4022113814609378224
0.7385628266511014006
0.1556922068605520737
0.4235310830722390785
0.9046235936030482261
0.6842778235205088100
0.7984065816833454399
0.0481303905068655169
0.0847639367047349213
0.7509007179373931029
0.8357625110533873913
0.4867191830856651968
0.8591596747347128860
0.3064474727176911273
0.8871545900544185459
0.9241594111700089931
0.7820682694623350972
0.0396300192359336778
0.5726263265957207693
0.4659270063911198356
0.8038496086669815188
0.1523757958287506042
0.8363836580597995285
0.1084056571158004134
0.2569673227957767203
0.6764258318122430280
0.0357360783031147600
0.9316835133069655273
0.5856707416109737663
0.8161872218842348703
0.6125385890680455914
0.2343101180443389886
0.4902229521957096603
0.0618431865400791425
0.9453643661022888001
0.2332115827259537699
0.2253828818688026203
0.0013478774570333529
0.2018938803249885616
0.3303352363528613278
0.6305380983171884335
0.4671151575368774900
0.4985841689213913464
0.7187844061221017045
0.3200331369352922284
0.9746902070495293557
0.5940951224825914423
0.9453177421214544740
0.8332599183128894804
0.6660710300435810360
0.1212280603224709097
0.8342720014463221867
0.8258954255576981263
0.8110253811241190380
0.4533787098388945003
0.3969525416428134612
0.5398427597408559375
0.2701640557689860556
0.0490119918920208786
0.8474939633683180595
0.0766140355154839581
0.0116380836481411176
0.0448265878806882734
0.6719056472718616391
0.0173987947769603801
0.8602678248321217191
0.3894637021710019020
0.2138959477573479928
0.0013836056711377109
0.9331983505944457802
0.7352612193146621511
0.4526900540308829157
0.5587865009424285434
0.2976516571148301038
0.3950846147649067497
0.2065402663558004726
0.6686875229244222396
0.9475857905555321592
0.8918881711363521037
0.6740437903389293606
0.8536438414115716800
0.2268404817098830240
0.7022191291431922888
0.4200687734171988374
0.2309283010564563421
0.7090959930573419445
0.3262238471251335259
0.7552738851573311818
0.2397372029581472663
0.1178714962973600455
0.9240653795531960091
0.8845332517242127102
0.7121988944729795712
0.9992508561048913940
0.3563872023409221379
0.6190610988955814742
0.8715958272259659578
0.1290934966315406829
0.0986692413202264751
0.0668715836310805889
0.8263172881592419916
0.5681478885480827357
0.8534809472408774189
0.2737759762121326768
0.1465282629266024816
0.1637882657254424723
0.6405362817209082626
0.0630098141710672133
0.7955168908883751833
0.2858547229096497500
0.8119990790086496490
0.2300626588462119093
0.8644813067533961837
0.9214223510200484357
0.5884101807469510614
0.9255696849977408380
0.1043165266448455863
0.1575276579874695937
0.7519370491918462296
0.4455505534592956174
0.3141403152295518808
0.6320367861149656097
0.1833923086563575833
0.4335572405217351655
0.5428285424730242559
0.4260160537119126456
0.2689075555642880255
0.6793231937908145168
0.5123220924772311502
0.9320757064986194829
0.8380160211112068769
0.4314178005344327937
0.8405326363202330064
0.6482341329873547719
0.9792740365946631664
0.2054093375620280604
0.5702663136272030364
0.7331686779551217503
0.4279276238717630854
0.7814415902508371481
0.6822185600858353682
0.9150001017040162443
0.9576019031068381260
0.3386646035328864102
0.3778644100543930850
0.0431118849042834151
0.2077466685515513278
0.6733759198760596032
0.7484280932592980440
0.0584526998313489310
0.8164513674232596330
0.1658978367623671346
0.8802021461347898645
0.2637216749895691104
0.0097975944794301828
0.5205311008727628863
0.1964114688419807964
0.8082199882285937553
0.7282269880793711403
0.7774776694685296974
0.4164051925055510806
0.1515920201488989427
0.6583195374792838450
0.8566196906891451190
0.2401892081074149532
0.3663741856419588938
0.8291245996022551523
0.2937024800912318989
0.6385879242043865922
0.7367302310439886037
0.5438009805657246787
0.4278037883523172491
0.5160301742855385454
0.5882402892944162964
0.9001098766444637356
0.5791798055928366606
0.9830128298733228354
0.6379274255488921463
0.7705262723050614326
0.7566329045659956343
0.4877495091854981979
0.6980283608317944255
0.1233070889970501183
0.7506048181873705705
0.0987137136683392535
0.9254162630918736365
0.4976367581368401627
0.7653896910393231945
0.8658182518884404155
0.2524994398306482646
0.1873218303928667616
0.9063333645486174595
0.1198717309862954439
0.4326233979190677870
0.2512475153012917461
0.8201606964790237875
0.4785429250827116787
0.7337433462768903070
0.1448303054013433400
0.0408783061511437396
0.0234470283290214576
0.3344144513811517783
0.4351673837844809434
0.8887080412540101504
0.9151472313482488241
0.9831589551434678498
0.7591984045138344683
0.4969523464155816139
0.4265578892256055576
0.1775068494780758233
0.3961584210874262713
0.4632614626743914998
0.9233730903197375772
0.4594404638030803456
0.7597259254264302486
0.1715413659102409394
0.8200606625116695358
0.6919503816422113429
0.7225873832793352491
0.2049607854368885596
0.2812978087976131247
0.0723063488675677046
0.7350172013404793203
0.1546935618282996305
0.6521210376837632827
0.0430292484241284745
0.9369142616355169428
0.6797271852221816735
0.2120395339823589742
0.3357803007670230322
0.2888741873465544563
0.8762520265459813329
0.3411659512825347962
0.9635626402495304221
0.7768666423597265780
0.3507453388576003972
0.9948663632587362304
0.8544586006677477030
0.5380668797296113137
0.9619363595967871383
0.3051180521165367532
0.2151805007765941191
0.4232722859730136955
0.0619223330975569031
0.8528248750697521308
0.8348960728123721031
0.5583528323240500857
0.1651966859083191519
0.9361370733441432002
0.2414499504267310082
0.6247857154362586041
0.5103557719146494254
0.3414752666146434468
0.7624760262468571748
0.0391721384728509481
0.7024852323993910908
0.3089415479591818281
0.6792836438906607599
0.9797186116004091838
0.4638284313732425890
0.9504373417877813868
0.1492950479247858731
0.4032127368859916849
0.2485079379645266373
0.8401953169541391819
0.6281309077851291445
0.3452071036260301318
0.9902409086889930601
0.3265949425528099637
0.7848525440611074933
0.8911371735871813637
0.0016516488832902798
0.7216892010225025578
0.6893289794331868281
0.0592661671348371222
0.7349718987942165382
0.7845341349562080513
0.1192152406296619338
0.9129319487999454363
0.8610039951467847175
0.2464835034474834874
0.2390031075187755150
0.4245626481015609688
0.5415937455459147731
0.1776394424432111707
0.0452474736530805721
0.5905944736331761868
0.2919594317741618372
0.1489662045905251198
0.4015277687472507129
0.9648363935073268616
0.2744154833657305170
0.4342432702858973759
0.1679852545167697109
0.1229760688236607447
0.9834277258384070963
0.4341693940003938934
0.9475558754489090685
0.6611674488739983646
0.1453237496056363209
0.9240127879335229277
0.5064534063985831613
0.7167630674849975181
0.3215562357422038220
0.3041938511402361156
0.6251231947685431667
0.9468746967400953896
0.3227117659517999559
0.5166090974330738161
0.2418249231178178915
0.1529117935129949979
0.4417598302268215260
0.7017303121157640877
0.8151164938015104111
0.6892074897569822056
0.9191950604606181630
0.5096583289469762690
0.4339962403254310486
0.7971223359631578465
0.2272195349266896702
0.8974028797536376389
0.4102900825067604673
0.3323834974113978324
0.5213568433135881142
0.1319625970444365803
0.4651135220552219396
0.6545593730308407743
0.4157962252229083777
0.0766492905998112928
0.7747321800204862718
0.7693316040686939417
0.8787576388402369432
0.7533565884646673538
0.0698324367681902869
0.4254497761305795489
0.1180153791756810566
0.1499737152131113138
0.9848765976546257628
0.8043476967354334928
0.8848080283126594781
0.0516633427768163900
0.9959635870154499582
0.4562241985572671465
0.9481156833964637931
0.0040443827365491680
0.7603325662856704747
0.5403698684230747729
0.4285652119738522225
0.8616745402984891111
0.7548283435929181717
0.5470059677240598495
0.1890457539737004922
0.3281938034472138277
0.2835452404606332300
0.3566086305099498421
0.2227711699987087179
0.0588076048168756360
0.5270727361249790688
0.4893552467532549244
0.7958309845569887520
0.1993727525826021196
0.2718550332185620810
0.9944856322114137281
0.5880897187432320150
0.0944992768933984317
0.0866751832576522219
0.1220010967080692454
0.5856062858684178973
0.7152645678195287404
0.9070673152800373673
0.1656589573405480298
0.3705353964120738919
0.0632447289457150896
0.7123784775163501948
0.0693814875600766712
0.8546030052617421546
0.8746132764838802087
0.2726397380293943407
0.4108003892494532794
0.8516110042938249691
0.8496497205219284421
0.0000957909089726039
0.9256393574859645978
0.6844535220819543131
0.3145302897178486878
0.9090519190862419441
0.8758963859004976760
0.2406736457522686834
0.7980262959530237676
0.6316277636743610202
0.5601946834383066953
0.7601165556701825476
0.6072430359048786030
0.8878530268979353268
0.8067903311269155608
0.0302745991935691183
0.1404695247625881160
0.7910132764350191747
0.1350610356023450587
0.1292391237716506991
0.8394228996291188682
0.8391385168512400794
0.8432500090605539178
0.5163991925999791288
0.8020537918341975603
0.8660537094930021995
0.9684789879769816201
0.9437116344263531964
0.8573920886200754321
0.1131644398343391034
0.9433741238862396461
0.2935390798646714261
0.3543657664629916715
0.9859175235317174657
0.7037308231144004944
0.2858656170680123898
0.8834595063933537995
0.2287763010382567463
0.4269827558191626737
0.2957899698481972761
0.5990568074121145337
0.3804138783635601095
0.9976028567618498988
0.0762815831438384828
0.1386828744056948226
0.6491993708022955056
0.2790300326369145045
0.9278112674070528865
0.9795179249826125867
0.7724898339624355348
0.8549535351178423337
0.9771141272527832378
0.8775169720381515992
0.6888202984928243344
0.5043897038894067375
0.1099474447422879031
0.0994631417996911793
0.6343947944764646296
0.9182165854687925899
0.9389982482787201379
0.8505415212173138562
0.4709126685586717542
0.1466765160865225459
0.9345849260389931246
0.8508468347343139948
0.1460828135413720918
0.8642982822625421280
0.7487612667359169194
0.5657508716521517655
0.6436131637908010239
0.7493980836182403404
0.1036428844305523622
0.9338440347766797656
0.8037554494589659315
0.2113775029418776263
0.3599670460707548036
0.4042623498543721494
0.6909149719540165213
0.3866232042806928559
0.0405684413818713230
0.5235515695936975300
0.1043716906792601096
0.1396250446739258910
0.7085706050690375735
0.6670203762028755756
0.7639131214453420693
0.6744686341675092400
0.0970428496055063539
0.9426861226944824868
0.0743963678278150020
0.2262132530252146667
0.0222776076250242872
0.0099869652921530383
0.6436538231791369968
0.7825049293722473598
0.9035269424410563577
0.1080792858046977223
0.5625170991807798559
0.1483432180075148210
0.9439056019911945539
0.4361446298709036329
0.9881568976041938956
0.5302277085267353973
0.4456630351848103189
0.2071697282116690131
0.8967377995061113216
0.1977004195071376813
0.0094178012138419476
0.0905324799186747464
0.0393504353915957727
0.2121842887533250677
0.8089385402026699756
0.3638479909532329470
0.2890163986192867407
0.0027901737469110399
0.1988202538998790070
0.5322501487443109802
0.1231898968631273128
0.8197825453786596883
0.8443336225703151898
0.5920682417057901992
0.5754594412320439556
0.1613405892734263158
0.3786589770125128318
0.5984158649984722134
0.7007807584762997255
0.1762658598380719699
0.0023179131493306082
0.3662909924995890742
0.5860887509223698943
0.3069959503903352260
0.6971900810208374599
0.0967281311170802294
0.8345303544249603744
0.1250133925949592495
0.8686780087140992812
0.5547313876774495611
0.2389229369471724818
0.6666391758238804366
0.6055168412926290600
0.8452047072429167418
0.7290668603362434608
0.8666108507788294890
0.2243692162594600470
0.3612373824555002999
0.3417363432672955170
0.1896233466573991056
0.5502203016993704177
0.5182699151796639203
0.0820362859220598040
0.0066555602498987732
0.1665102876944619670
0.6738713570713419365
0.5608741335988418619
0.4083375128677942945
0.1889907592421411486
0.3047997165841914713
0.5424068129171868424
0.4098415073122733121
0.9337244177801722333
0.9092825939783700795
0.0131589313008834141
0.5209409247943013188
0.4625152669191409105
0.5629491204597860676
0.1066463500205437898
0.0250022741598021625
0.5656352603512706523
0.0379188698961484549
0.1524206770368273789
0.4607811594537021271
0.8934266538269828306
0.8938725172846664346
0.2084521108146727419
0.2142425023873855139
0.3871626830413938958
0.8966507217493233650
0.0846007427203788742
0.3039173590572705752
0.6104364531054338183
0.7588919954610079399
0.8609936295400071327
0.0752657805577227057
0.3503992768379883271
0.3518374617616180089
0.5687154709925558160
0.4143820302565595082
0.6817177356602576177
0.1825597793340032471
0.3007258521358761039
0.7532975945797155681
0.4473933197861765798
0.9006951558566756999
0.6666577436799600020
0.9581348047577240568
0.6048643591639651929
0.7185928041943848710
0.7062736951615518066
0.6716225709748315786
0.7242374861629459204
0.6897858918473316336
0.3500716812879237638
0.7941834259025577492
0.0381202290463993343
0.5543927565787932776
0.4412467212750247336
0.6681449366171310356
0.2392394128218701121
0.4478659108053648641
0.9023516066811418934
0.3367035712468812170
0.1568475283232392270
0.3003547150659608977
0.4928108074067124589
0.1156656617164675271
0.7990336376225483095
0.2690859088914665520
0.1275013078841611414
0.6082369401709163403
0.4991656310991764434
0.6354002680108297163
0.5014450748916953193
0.1686204545148992651
0.6402089811414329867
0.5075055724085759667
0.1507581627716091388
0.1040007153601124612
0.0339589450460431319
0.8846238244648094717
0.4116020445868763256
0.1575624586846910979
0.6623061742895886006
0.1604643110059262856
0.1196693173568834645
0.7653108595604144471
0.9444771578271766721
0.1362459968838662938
0.2746980946451925698
0.8862041543860089687
0.5612323505596865658
0.8987785182060544775
0.1772331334852014217
0.5513265295683474898
0.0752123977878588201
0.1583424537359315876
0.7961986784257580885
0.1584660209387148688
0.6943077775893157222
0.2598283468070342606
0.9777678681908827940
0.3742651412630969565
0.1161614708983096378
0.5532135004074270057
0.6334201308995072166
0.2032673186956159839
0.5167461419002880030
0.6978023278128617779
0.1617187785934339761
0.5274841133524058590
0.1194535829862233278
0.2375282175978885579
0.1111404471487692502
0.4320884030898550776
0.8184796843388423282
0.5715862120151454784
0.6976977557878142333
0.7160192324107967909
0.5006245467921380810
0.6262920248711970617
0.0788670291246429400
0.5474764342615104917
0.5511615311061798250
0.5912103884931666498
0.0472877629606732741
0.7899356940456301324
0.9951116340031940233
0.5569667037037111523
0.6651486983815327880
0.5781304778162316138
0.8899128086453883535
0.3439161845049572008
0.7701173123595654868
0.0939693735912118244
0.3053516518152717962
0.7644094252564307412
0.3879792164124487019
0.4539074312623125884
0.9577319804470245668
0.9119118404132547928
0.3337019248523005466
0.7783659168837309128
0.6220473291358438184
0.8825750755909267387
0.2198939494124464433
0.3910578086171233592
0.9068335330495994606
0.3859091977006591234
0.6582526552042720080
0.2396613460438488108
0.5810579323163477250
0.6065474962135724013
0.0948236282131765806
0.4960942671355383915
0.5505277116359008627
0.3692361867835752820
0.0149545348119269894
0.9325645192990199561
0.0317244413541741821
0.1296337120345876226
0.8601640080622248163
0.3769333571212090117
0.4948207693561210707
0.5273262240359813946
0.4334797885167793741
0.8454168794797792819
0.4912217423395759397
0.2604186419160742227
0.6732325302140264034
0.1248945398224380332
0.0852744569655318196
0.2624767304801407519
0.3517606886466819738
0.9102025818831900317
0.3811688142233643495
0.5872362594013951220
0.7017226595862904315
0.9201276769803212741
0.7889946391375245449
0.9883541865214444666
0.5542117388063749761
0.2823269309123181969
0.6567795655426560408
0.2876593663586550775
0.3671536824986253444
0.3865756112459898253
0.7901020689216730064
0.4213927321790099656
0.7467935796123745806
0.0355876580623795125
0.9245476985598777286
0.7955058166139789000
0.2504810909336692148
0.9944932451421969466
0.7995256335433826855
0.3231408260030126378
0.8192276221596361818
0.9840489202179009132
0.5660437910905349312
0.0666072728843902784
0.0690784295028671336
0.5793451043964303881
0.4606178849152277044
0.3301097057227593279
0.8799584193870492177
0.6733024296580978341
0.3977663450864206141
0.9976104804312976304
0.7942334635997189141
0.4420231776045382421
0.2978705696084988919
0.8644484606502846891
0.9213277052267480061
0.9759832411232313154
0.1912971548255439913
0.4193656518140488343
0.4115382424186924126
0.0264378502782290914
0.2336998018150101553
0.3528719834423859059
0.8603236794262575371
0.6488709576763842524
0.3808962270180143994
0.6494919685680935473
0.3356742304417862366
0.8669313252701218442
0.9309214759339964340
0.7373319962261505323
0.9375825401555668570
0.4763875233297535372
0.4496321011627389952
0.1473905770019633410
0.2603676109221056967
0.0928773154672791756
0.2215189892026829810
0.3574648452390633002
0.8640516388002750237
0.9151415120739144760
0.9955837689917205191
0.3457096826704103565
0.6406254800806636673
0.6871733714952918959
0.9911423068408289350
0.5887908398432947221
0.6854565646026006265
0.3792235909897568868
0.7118767104621458452
0.0379525237124402892
0.1613245019752184151
0.6206280461083925060
0.0579586042966099280
0.3623464436034993241
0.7012882511698604882
0.9647416669285809876
0.7146073670825020541
0.6564254243744829243
0.6727110700322416204
0.9239205493600375352
0.1589095426907813913
0.5023787510238505449
0.0570291157642099922
0.0966500695550547295
0.0931785112627790957
0.6373677928045495822
0.7484501360472175513
0.2126121970891767798
0.7962514879435007575
0.2125006831023644738
0.6195400552769898539
0.1333056577006512811
0.8641105197508187619
0.6378528543630775927
0.4984092443528906902
0.3326939000050161965
0.9532619293648365577
0.7428391665319069581
0.8813463656042769268
0.1723653756801633019
0.9426285675803849351
0.2591972363024077630
0.6810845746699987213
0.9825354910339403336
0.6512089434136547617
0.2228001066179711165
0.2036890317177623144
0.7093419506593067192
0.9382180010354523869
0.2237117128757519779
0.8802942601022758495
0.9126015709268789911
0.8734703617485753968
0.3558119641782666598
0.9844524370676611680
0.9113258052180140956
0.9168173741504528351
0.0299560039961594970
0.6464147835412610288
0.1742984262718193511
0.9437033722695762350
0.8799311385582713196
0.0677072229204366272
0.3058024535897223561
0.7334687853100686494
0.7697217846742024916
0.7517908081230594286
0.7217812422407342554
0.7395782085369676517
0.4767300523219746289
0.3460597097299129565
0.0019652544432604557
0.9464799411617172975
0.5715331633241850229
0.8964673162741179091
0.4269848768681835383
0.9359615775301211027
0.1196780954506936334
0.9743966526168973408
0.3045331461907195836
0.7929238360410031383
0.7269957413768315391
0.8432777272999646412
0.6955575444013597508
0.9783529948092535289
0.8001420991656673642
0.4700203573419351466
0.6407123075460876560
0.3902729580798339759
0.5246381432105622356
0.7935840273211820506
0.4100347756473231575
0.8396876088667890592
0.8418527992721587250
0.2052299895100354599
0.6970505956248682633
0.2958237029609485091
0.3670984916023362077
0.1433976159558910668
0.2451034633551832931
0.9069395285453984989
0.4004147999001231861
0.2924589587374644140
0.0198681725764980888
0.0336628946818336994
0.5951567862637514583
0.0600057535729203728
0.6558009925801737694
0.9189842086965022139
0.8215631029862855428
0.1729434432465325466
0.7844007873342195847
0.0178999296215384129
0.6467477730138767589
0.3851278827245756542
0.6847172430411518906
0.3197002310387984103
0.2018438684236298908
0.8245993581404809092
0.1766353097981483433
0.1734805370071439423
0.0498443187408522670
0.8947772316932897096
0.2183876595869779225
0.2512416576851523864
0.5037828980092928788
0.2565785058042728828
0.0134207070483298718
0.0769480565481671652
0.8024093737568557261
0.1776138438775571871
0.1069529887268528823
0.6258488766320747798
0.9995413267996543505
0.4696649947735171970
0.9515879512017308972
0.8143760919094599204
0.5006929665067767488
0.5824249865127721915
0.2066151785222417603
0.6644528416066010079
0.5318063299960018586
0.1660817719962416339
0.5558412851657620335
0.8742799881371425830
0.3291917498909020523
0.3013736691700318326
0.4344598750161750012
0.2748994476960092692
0.7030784368964045905
0.5578550493557556944
0.0457108203431895177
0.3214389122579852653
0.3061983490923254614
0.8325907314775132795
0.8098370241670365122
0.6391519501514346668
0.7169997866307269430
0.0262716316628636148
0.8393519100534304611
0.4107187778182342930
0.8735133307945649461
0.8588733206705438938
0.2447982559688287596
0.4387357447221131856
0.5282181599270430183
0.2731602825426842074
0.8391459385281179184
0.7004115711884790763
0.4018429507869907269
0.0608481240133648127
0.1682703346689468082
0.0281403555022483598
0.8192395907642371355
0.1254807213965536405
0.6402695617502182079
0.8267025573686479500
0.2569210765096203719
0.2885567815801447500
0.1527044320438349922
0.9502770265451119247
0.8403333776034034308
0.0218183127743938332
0.8325779042784728912
0.4142047397488292093
0.2167381891648225700
0.4579844025059743862
0.8696695670522394117
0.5792604133854565296
0.5205574706003052166
0.1941494509809945646
0.9409673469277090030
0.7158134885760960575
0.6882413453725741981
0.0473032071911738683
0.2294066747492709002
0.5597960787104789837
0.3206489810735198009
0.6001142767661271638
0.0143097309465047839
0.3241625197555900728
0.6251750764552183037
0.5380816252039084535
0.8481097816326578220
0.1761276192123262252
0.8935843949708033307
0.6678529105654041897
0.9299224649204713700
0.0660315372828275127
0.5050505851839061089
0.0066673007206137225
0.3561823596780751000
0.4935528255514157747
0.6092417840200978763
0.3361555756626841696
0.0364624083495170836
0.3804355660784913828
0.3075797178845092184
0.0271669770594479276
0.7335809154697338075
0.1735799384543553758
0.1494815192603576870
0.8833421549244735438
0.9936453450856868042
0.1495240739959387000
0.8149007653234089377
0.4562070354841117892
0.9329921531136159407
0.1923604176613769035
0.1523077410550632838
0.6093786771077499553
0.0645972447730407406
0.3396323762259628731
0.6269828133329433673
0.1741105946448187058
0.0616861764934870660
0.1570455911611632338
0.3497927883141167538
0.8301560919689060514
0.2015902577374450999
0.9554796302721118018
0.9593965443204243160
0.9143699092093967584
0.0506526630510615306
0.5047560367610964827
0.0092261109742487468
0.8773522831146326473
0.4554731760605916779
0.1100175091479601575
0.2171270292288811632
0.1859458189633196312
0.0090992510961599438
0.1841864142744450428
0.2011936191704899457
0.0208818780408329685
0.8876425282513918935
0.2173881477654960870
0.3666530900154062467
0.9616270125639321265
0.6953909623614054070
0.6979830178201864577
0.4837725190762762750
0.1375960272417020569
0.6547773492514566973
0.3156746342635321501
0.0483569047116336748
0.7692324458877947135
0.2232800025337664529
0.3067847903712093149
0.4863345310244596709
0.4246823812555376998
0.3535700814367880307
0.7681902978184463882
0.2941737537927379131
0.3685835187206547570
0.4453166903584314662
0.1812149420228739150
0.7258461413737526957
0.4832235360931637080
0.5466842729637425569
0.6617085914535121294
0.6062071266315683937
0.7818423417368460804
0.0638882445878671268
0.3530740046856623016
0.2546601202807662334
0.0520975269944504715
0.1940184810047604902
0.2457409678999694647
0.7056589031715396754
0.0519047370213688852
0.9909547979660899841
0.6426389678514670134
0.8991469927432076403
0.3282549967654561085
0.8003689640259958882
0.9258957229677999834
0.3958048088497888584
0.8701489485497313492
0.5973730434551905999
0.9389796468437693333
0.2109900370552323379
0.6070629624667694957
0.7523270365105947377
0.6574214838571728059
0.2203827095639219191
0.8363566592576845427
0.2425142838957117242
0.0824630986319155879
0.5565715955878706156
0.8349758386202026372
0.4789479974027133213
0.9787365921564448179
0.4882845679015821450
0.1806704929458027298
0.5476742646783193669
0.2255021924220272922
0.8426062745618108085
0.8867181276347491092
0.9256891392693041842
0.2896918097737338771
0.7390659052663226536
0.3165510827799546956
0.6915718634765323225
0.6971547948209122492
0.5023258213274863770
0.6051616850800177749
0.7316605979636108259
0.2657495266045477589
0.6483677109033633146
0.0302560160217885121
0.3900567754851644864
0.6413221046560581007
0.0245951579767168527
0.6796943559692141257
0.3249020146479790760
0.3032039618279260829
0.5583931274408361345
0.5596273570791705509
0.5477691741563075478
0.4257273019522402890
0.8065820548597999462
0.7086483242718439879
0.5591993976472146022
0.8665270138973181213
0.1366749429534021010
0.4970894580498655957
0.5085558597320382068
0.4185307622030659536
0.0833168759204429010
0.5185852684306901939
0.9468500658763818745
0.8886659015027172925
0.6746116404081824447
0.8970631712710956940
0.0135777542839232712
0.8550617783711765840
0.7278249264614256031
0.2904393300066002714
0.7459963620645723159
0.1937892917632070278
0.7065201570471336678
0.1461609499873238738
0.5494048481539882678
0.3125512308242464066
0.8545666103375786360
0.2356369578308847856
0.7975847978888731538
0.4834380772668331883
0.7093964201496191224
0.3750997032468342818
0.7435528253418927092
0.4978152514396066985
0.9572554968509091600
0.0967746301724762281
0.7315482347552377806
0.9495870384776926576
0.4695916556046650925
0.7734417022820659904
0.2476540568866478775
0.6464373965566150293
0.2996944337874982711
0.1860624198650906447
0.7616106190349041238
0.9265680568198768619
0.4230407111176298640
0.0947912675821187545
0.2903037004749711159
0.7891258901554506489
0.4238044515313599270
0.5899477671850446026
0.5708312402169758437
0.3940428159604947300
0.1843657769084610099
0.3774523885175437021
0.9772416230205187571
0.4145052128024505622
0.8413713628869088357
0.7096171087161000646
0.6549110497654396790
0.3693788608365452530
0.3076444748334306034
0.5675056619334719610
0.2798875191067374812
0.0030686918898268356
0.6710045561494420996
0.1886569234505587334
0.8517177334194706573
0.7094335386206428451
0.3006359149442182632
0.5988566670861253938
0.1023255039338814010
0.5732823150853492145
0.9018520734194962474
0.9785695991995684295
0.3740071572190356575
0.6755859393830431214
0.2451942222156440199
0.1315678195516225557
0.7792342308031071640
0.0297610067379709964
0.3592226355206687982
0.0736015570448782519
0.6711901040155022757
0.5065303782126969745
0.5542565890622359603
0.1574868886932423440
0.9130459034119997597
0.0731237533490614044
0.5322674654893835289
0.6852746559080159505
0.8494739345138414555
0.8396011682289307165
0.9346044528072696700
0.7785480339548717099
0.5401147269321502353
0.6511281430300898121
0.9943359850991072557
0.9402522616624701124
0.0636738883761452934
0.0670184155112231172
0.7345435651376396313
0.7746926089579041497
0.9031333601291470226
0.1179135027724035334
0.4571164798722910927
0.5300696759313222595
0.3185422851310703019
0.6250739060771439704
0.3954147952784895503
0.9695174843278197008
0.0723494804696797056
0.4880308280514671360
0.6845724171861131691
0.2450512093163240701
0.5728065488227706004
0.5161882048702859382
0.1386096804844640928
0.7286670423534006291
0.8720317578324425778
0.1261083846830800548
0.8319809710721622897
0.1099978700079228267
0.6190371903835412137
0.6470006484173909111
0.4548698940405632163
0.2793186761718384759
0.0995725539038867513
0.7593812212228552294
0.7111447135553039534
0.2052237977108936073
0.0788317222926233629
0.5530368545690762527
0.8501706792395518075
0.6634295898014854753
0.7592318737127372597
0.6242946567179189499
0.1616459674497219279
0.3678538473590516888
0.7792159959138105219
0.7891515965266063803
0.7442515749242808454
0.2865086445514998248
0.3134369834394846732
0.2899614882652393755
0.0702931791821966856
0.2435588857141749441
0.4743932029897176550
0.1412405963378354778
0.4474653364098896136
0.7420727292533157993
0.3196259778096925963
0.9001303859752070036
0.6952244583716806758
0.0887601153553788658
0.6301953955276804464
0.0439341081912781872
0.1708267628529738236
0.8331136160927002932
0.6830136837586650023
0.4727193306385841787
0.5662694173646182216
0.9835122119061450174
0.3769482576099025817
0.6488633543602765341
0.5753147658779892426
0.8995669863586337467
0.4525743678666267478
0.7224430117810181073
0.4641214925188148488
0.5843979943448813774
0.4459033861372426744
0.8737726524704414466
0.5519213256005701673
0.5999774669503677993
0.1460479889484910254
0.4272353488774056629
0.9648264137571136434
0.9967526549055775176
0.2111510755482003399
0.3239521014980324409
0.4442250221420789291
0.0354695607150914416
0.2105345870009502907
0.7130561221616611434
0.4762947165813919970
0.2359452654482666611
0.0767838520119782375
0.8467254685084359966
0.0772081309838354990
0.3976085881871235239
0.8005687367369859198
0.8661881319737640972
0.7529407731009564175
0.8157883260773187706
0.3492508596674297472
0.6515252244353842981
0.5205563337302694382
0.8056746401532819402
0.5611211250326919586
0.9662300883475849478
0.6632506701732951981
0.7123153648130207127
0.2661836008206547310
0.4700907980534194675
0.7389039097698230085
0.6903933845354620624
0.8591488178609953952
0.5889869149767336109
0.8997212416407729396
0.5859806255680218845
0.0060269772132208743
0.8551025470839861420
0.5234572094732899972
0.8410929635471869892
0.1369139378190060707
0.2189476013240030383
0.6401308219938428579
0.3259247935573449384
0.0913018948803471231
0.1771356079869070843
0.4120879536417424438
0.4844708308587508672
0.5004936388188281349
0.2818883961623186440
0.8163155482939030705
0.3941430486539384548
0.4791501027590311379
0.8515611786552479412
0.8140457462009216272
0.9921277623009601143
0.4833695050412067928
0.3705056202689783751
0.9133417476881454666
0.5018527063588400505
0.8315452884251613996
0.4244931073417067546
0.0894027667796486458
0.7497233385776228554
0.6297064881981050410
0.0315356084140120396
0.7548870112670312826
0.7022182102265407400
0.4348028196583481053
0.1751040819214919608
0.6538775547395049292
0.4169314479672491247
0.9905830558662062080
0.7223931133899964552
0.6191615253010274156
0.6570725490834541382
0.6222147396702225608
0.2421622201498879745
0.8505651184024274336
0.3151740328965920712
0.6527243963104402136
0.6763918258616922197
0.4426542050677149120
0.5953857679000629233
0.1458230097770715217
0.9746445066499683785
0.1039671305789938716
0.7822574858630430006
0.7425614018408107642
0.1978587905677791081
0.1097865994791950017
0.3035558847949656469
0.0929536050575202610
0.3574234289564458544
0.1753453431746311297
0.2393202350614044294
0.4854781787533403170
0.8751898161557944977
0.8237390209189769941
0.1183280114076989964
0.4315582206210076821
0.7548498743929983323
0.1127913399168443132
0.3308092470278796160
0.8960953023348510182
0.6528591738591225102
0.7854348289700633368
0.7206604104574654279
0.5032213512939381905
0.2051234702915341046
0.3427396301200659190
0.4880272776576104476
0.4992772644216476596
0.3712267006785343604
0.0078108889665882142
0.4681855331109056051
0.1632377410873563361
0.7231515208495598035
0.1129293895501511935
0.0582785780465177039
0.2944645548219316789
0.4395306052695694410
0.9690792441027953341
0.1665768483688775392
0.9681400613615367412
0.1009511689718085581
0.4989748315767386089
0.2873228705377310899
0.9452611432999000751
0.4362396395521805914
0.6824268508160387103
0.8468960538385029713
0.9352377149456752026
0.3530416685255817200
0.3188529151423623587
0.5410866296306708900
0.2095532562688233735
0.1570656866013346864
0.6829931198093710520
0.3334136675276813122
0.7467282563497622538
0.4580701289578892332
0.4679515966724284715
0.0886191718702934450
0.7720372495804718183
0.0980666231215621131
0.8881762844899909748
0.7697627861403425475
0.9945391874224184248
0.3900991489504880283
0.8399760631559399782
0.3210710213634995203
0.4258412041020005478
0.2080364711644593356
0.2405594381129635417
0.4848070690562814589
0.7348043924591550757
0.4421472595959015095
0.9630702217381778008
0.0276712751414578406
0.2731411044916881581
0.2640682129968964231
0.9709138932353272855
0.7112501090605158893
0.4868031793106997185
0.0982602433822823418
0.4677542055198620208
0.9432683547248358336
0.9355815034897255744
0.8760613599235821392
0.4031962011973054816
0.1064266015823294165
0.1667450423609916355
0.6521751914149944707
0.9432524308208453112
0.3742506543583269396
0.0426043310978225787
0.8888361903553370080
0.9915660105361143728
0.3375874370703328964
0.5449548331426764536
0.1791659621069456865
0.1042393256535804058
0.3792151534452807837
0.1443008096604879720
0.6114823500496042730
0.8255555503841816023
0.8329873590646701409
0.7342658349069794976
0.6416098142106553270
0.1526981856672149362
0.1910189352085277514
0.2914073867103524895
0.8092657397868459057
0.1597397382959783174
0.4435932075830895105
0.1907389621507428190
0.1069686845078636761
0.3278453945216579513
0.7533400904800572340
0.2392063931731129856
0.2725210319737150222
0.6516388983754430875
0.0661118110987477525
0.9385182121924967591
0.9816003770701947628
0.7663571072447254995
0.5307884173700813113
0.4297720039680777981
0.0706859764816679670
0.6845224149050453955
0.6698864399904067568
0.1679979759564851349
0.4929081565245191365
0.4199248119356921993
0.8325450896203535622
0.3543658075906779281
0.2884761583275217145
0.7984671254602659918
0.9219073507644524046
0.2174945870700180084
0.7008789700530031475
0.2510724533816556248
0.8361915178075443045
0.7758475724261716389
0.3455505712068012159
0.6901123391912459271
0.2552581238598754521
0.7330155462192652349
0.6231639466554310669
0.6372871283517128616
0.7853664689259959308
0.9197757609093302200
0.3521080217129010093
0.6166835876153519136
0.7559017346694374417
0.3440139471034558971
0.5774032026117927874
0.0841674032308008524
0.3970922913402984422
0.3733788577764362016
0.0571446837034652599
0.8463156112469412129
0.5957425348227056716
0.8104427406580039239
0.1023793648158227709
0.9437636754708088604
0.4758438825052733190
0.4952102923254089184
0.4931110786171288840
0.3940519081706274074
0.7795567864589810769
0.9263178725781070488
0.1045239934607319343
0.1928385186713759136
0.6262940274825458120
0.7575580743730935263
0.9954935913523567104
0.9587850207521761980
0.0723595796351437226
0.9129773150009571347
0.7261077365596199096
0.0826798016953469439
0.4665105101460488290
0.4517161003887946169
0.3992906789532697509
0.3768862444280943746
0.7494448714125995226
0.9330892308587243056
0.1794357496807087449
0.0293246431859073287
0.8770632743709476653
0.4189593738758539132
0.6796209881571440015
0.2502744161921389709
0.0166536594526340842
0.8976882752666044407
0.4086058074522394001
0.8445713857284441461
0.7183775233096074686
0.3135196366211510099
0.3528829361454930424
0.4480413457186989135
0.6279033326350526023
0.1998753977255642855
0.1910257029157216291
0.8403246001400579424
0.6114431058743564629
0.2204705338594437070
0.0351271783844370189
0.9776288610080927644
0.8579306857856675572
0.7433214644416343830
0.7955678419939322676
0.8427142349249181486
0.7699538616728708318
0.8684868762949274901
0.9445437286285055523
0.9367600148308765640
0.8623058557880686203
0.1111688609966037244
0.4902274097210239656
0.4758506805930322603
0.0039576967130137142
0.1499468831491054255
0.0520137384456514917
0.3200629245101965781
0.2326545520102923925
0.6541829482947819630
0.6628486820932075752
0.7537169466036344190
0.4136558606225623214
0.7426018709334694101
0.8590138917870963065
0.9044505371517468362
0.1526397152925746958
0.1289378065925838035
0.5889316270472286785
0.5079552439402426067
0.6004258084993479017
0.7174855853478042667
0.6779034735198024020
0.4855847448238154174
0.9742250504735516792
0.1782307929971941318
0.4194125523629715913
0.2370066131761879857
0.1909060526028830695
0.6329495612536908400
0.0969199010890497981
0.3202369092662645800
0.3167740619796372004
0.4743147777992281489
0.4330246285402759021
0.8727688483371970340
0.3969968915355471806
0.9589256791475992969
0.3130171136930491871
0.8240997871941713182
0.4479712579087080648
0.0410825193382909903
0.1600471801216596379
0.3704862861729212309
0.1237764258615912105
0.2988105849976299133
0.1686207580531055017
0.0208552818106181315
0.4682633916693319520
0.3187344383854627816
0.3387668774468366450
0.9300642626086376152
0.5136144542325968843
0.8675533048299499672
0.9453328450002083105
0.1923968469384157443
0.0984907527355032286
0.2670547782784381541
0.8388159458152644188
0.0724578922268757086
0.2011610487291817240
0.9290496900385077916
0.3426068407854008235
0.6400161955816829895
0.0323279083247147714
0.0159540425726772961
0.2751346051751601962
0.4193269430709130052
0.3798974566824351307
0.6366689906699559698
0.5440739043715728807
0.4351684220951791415
0.9482251662261331759
0.4143979803715650556
0.6555636185807153238
0.4173014694052343820
0.0528504672360982086
0.2035425805488452200
0.6376112448576208847
0.6417069384903386631
0.3153584680057415213
0.9664928988429041246
0.8228277096873259921
0.0928552809326125272
0.7162842281645178666
0.9149920001961842075
0.2819361210656615713
0.9419156456598709592
0.7525001573120105869
0.5374211989418841151
0.1618341920131604050
0.1994921365543143033
0.2085762910131520043
0.7806456683908556959
0.1376286131206118091
0.6008124498073663666
0.9202854229199349811
0.2921526588145183512
0.2017761875729784382
0.2421553334190738038
0.3877263566104267589
0.5482957770115723939
0.6417637980074110127
0.7360714655076739943
0.1744828084223893905
0.1821721134795497576
0.9273579274834738984
0.8027199750449083293
0.3997202796618085641
0.3039242721197724650
0.4984041960672328520
0.7645202243082404037
0.4878852230873729212
0.3159846606691161242
0.1839396257876387830
0.7733408070063196860
0.5948336500741386867
0.4910756785121423995
0.8332690582857789074
0.6431551104219809245
0.3067764818347810118
0.4895467201517038625
0.6251536963689999782
0.5338588892123152796
0.0828632082104319156
0.9807295567013053494
0.6142207914857814588
0.9866574814013766570
0.6952578990005870985
0.5167849625140671366
0.0064579295491009603
0.5083331905789054694
0.7714243978639513388
0.6595475291922640038
0.7511136979214104725
0.4792617709301940643
0.7785549200971307870
0.3444201259151720151
0.1562380890707656400
0.9673006210248573655
0.3612939131771533141
0.9725258439443634773
0.6933173939584699186
0.6582055099394564790
0.9900878133585305774
0.0476635774214995145
0.1168993279044631128
0.6322006987559630753
0.7966677007253543108
0.6897827942612003715
0.8287001560700396618
0.0704710103786526654
0.6157723093195871522
0.7646528844865215779
0.2422996885926156363
0.3912097886811226610
0.4888442503206250622
0.3253384522241132837
0.9139594645334199186
0.1661411967677903778
0.8905687752808619795
0.5325587334363843794
0.1306734530203162992
0.2270637052137267631
0.9048130816673229937
0.0822951299560698013
0.3032925579437312225
0.6069139585491595268
0.6355373601638399927
0.7415494018597421633
0.2500873615447731790
0.2470627682673111059
0.5064167015602863975
0.2008983548355417481
0.0430821047398446400
0.9045658931103565115
0.5764656733679180967
0.6942190594692274619
0.0996297310124141244
0.9848283048165512588
0.9314029205293674618
0.0255200311496789345
0.5344281271272239842
0.7878082137693936948
0.2167174205102025963
0.0178348509467706196
0.8704604718993944612
0.6786431687861692597
0.7936740337833648740
0.7229736010460530160
0.4202139728195249946
0.2087836584675442086
0.3669637653983021108
0.4780101658598061576
0.4516606068498378868
0.9095401002788490175
0.1491101426548866460
0.4538705909003177830
0.3052764496020871077
0.0945271899665913740
0.7644566844454599996
0.6306958990962726608
0.8695330070183096005
0.5282204460028451232
0.7561309608246081782
0.3018636096103231026
0.8029977227570035403
0.4889129242277805432
0.2069593770092784668
0.1378093411027512261
0.9068262782412326306
0.2812191115352249415
0.9178475166734739732
0.6786297064245976340
0.0954973713397379020
0.2106027468196303154
0.2773477102912627057
0.6468457044126494360
0.8923517341018739613
0.7204356826751711074
0.9873168563302782141
0.5168824560129806622
0.4105847698314055716
0.4153508504372440679
0.3591900587019248858
0.3717039241006186989
0.4798150166050015875
0.6155600868549903071
0.6465340239817851664
0.6175376044919579366
0.6275243971834931767
0.6781899829064417240
0.8183568492271487971
0.1909828001403420794
0.7229682058622057816
0.1166593504001066650
0.1948499045532270380
0.2397015877198206413
0.8802717857683849401
0.4974154790069114096
0.7478555558578878770
0.9530145560904769164
0.3920656961230224447
0.1277622884356603983
0.5098433344783306342
0.9805517655320069581
0.3658152654001657345
0.5141376826897564589
0.4039714954185966711
0.8411803433544996489
